260 48.74516417 65.093813 74.88448121
261 49.83178976 66.12847 75.37450209
262 50.47956551 67.106973 75.25745612
263 51.20666009 68.063218 75.26945042
264 51.87190967 68.993716 75.22002238
265 52.5131443 69.892614 75.18715391
266 53.14175348 70.747193 75.18773286
267 53.80051246 71.512909 75.27127535
268 54.41805766 72.231827 75.31425172
269 54.98014412 72.988734 75.25764996
270 55.52111161 73.80103 75.13638037
271 56.04273105 74.74689 74.96147153
272 56.62042593 75.716225 74.85901383
273 57.13783028 76.58194 74.70625932
274 57.63950154 77.354802 74.59758407
275 58.2920356 78.036086 74.76135842
276 58.93071095 78.647018 74.9712612
277 59.48466283 79.21712 75.13036888
278 60.05615845 79.745949 75.36177542
279 60.59299563 80.207635 75.58992066
280 61.15156734 80.623125 75.87614575
281 61.65069491 81.002433 76.11691823
282 62.11011837 81.374225 76.32738391
283 62.59804622 81.747273 76.58310032
284 63.11807991 82.105354 76.87804344
285 63.4939184 82.456764 76.99088432
286 63.9011023 82.819783 77.14417642
287 64.37724489 83.207045 77.38308375
288 64.82541607 83.565895 77.59279616
289 65.22080146 83.905593 77.74856797
290 65.63766365 84.223906 77.9488047
291 66.01316539 84.524631 78.11280765
292 66.3938763 84.801376 78.29074154
293 66.82649401 85.088261 78.5335876
294 67.20471754 85.376694 78.71190579
295 67.5098833 85.665756 78.80462866
296 67.94376494 85.964244 79.04687088
297 68.40675664 86.236141 79.32086797
298 68.85859073 86.520236 79.58790412
299 69.32899226 86.807912 79.88440402
300 69.77562437 87.052539 80.16048737
301 70.17626407 87.302912 80.39607595
302 70.52728946 87.534286 80.58772388
303 70.79794681 87.739538 80.69524174
304 71.05542773 87.948045 80.80634314
305 71.43174259 88.145953 81.06600187
306 71.77128707 88.292925 81.29341043
307 72.03847707 88.447159 81.4566552
308 72.27964438 88.594948 81.60654059
309 72.5914778 88.703684 81.84319581
310 72.86229576 88.813198 82.04509416
311 73.06861459 88.918465 82.18732865
312 73.30246752 89.005315 82.3663994
313 73.56752707 89.081338 82.58852007
314 73.77205645 89.157231 82.749016
315 73.96225635 89.222408 82.89975041
316 74.19419466 89.290696 83.1039649
317 74.43738042 89.341328 83.3232126
318 74.65158684 89.3806 83.51525388
319 74.83663848 89.441936 83.68493546
320 74.99813866 89.478191 83.83251593
321 75.16818518 89.490619 83.9909857
322 75.32132993 89.517553 84.13749552
323 75.48520986 89.548944 84.29634479
324 75.60479059 89.572692 84.40542274
325 75.71451986 89.606733 84.51029154
326 75.86043655 89.620701 84.66310054
327 75.96903276 89.611194 84.7801044
328 76.05399382 89.602261 84.87655362
329 76.21234767 89.594974 85.05716295
330 76.3668185 89.598128 85.23171614
331 76.45018019 89.600138 85.32907038
332 76.5251741 89.599803 85.42285039
333 76.63059972 89.579661 85.55818624
334 76.72908696 89.542224 85.69243427
335 76.81589634 89.505798 85.81618729
336 76.88116089 89.473408 85.91674831
337 76.95773561 89.460072 86.0349005
338 77.02676004 89.435574 86.1471586
339 77.04879308 89.372661 86.20991725
340 77.05422565 89.32357 86.26274335
341 77.07622137 89.275776 86.33569788
342 77.10530419 89.218039 86.41273483
343 77.13357607 89.185522 86.49378948
344 77.14954481 89.142931 86.55835177
345 77.14789291 89.069097 86.59895596
346 77.17072367 89.035308 86.67426545
347 77.17737853 88.999363 86.73405281
348 77.13964834 88.930321 86.74045572
349 77.13096888 88.874417 86.78894047
350 77.17379015 88.818729 86.90579096
351 77.18153159 88.736938 86.98596889
352 77.1797144 88.648558 87.06348207
353 77.19731742 88.566127 87.17763129
354 77.17053461 88.469168 87.25811344
355 77.11730468 88.338925 87.32212343
356 77.06206087 88.17443 87.39908874
357 76.9690352 88.020224 87.45295831
358 76.86296509 87.862119 87.51547632
359 76.77484906 87.665333 87.61363955
360 76.59947194 87.418507 87.63661874
361 76.38554624 87.179479 87.64938558
362 76.19744841 86.904112 87.72337936
363 75.97303377 86.578687 87.78663934
364 75.69584003 86.226034 87.82601409
365 75.43088364 85.8281 87.915972
366 75.10153105 85.408984 87.96865753
367 74.71148332 84.956193 87.9934959
368 74.31742098 84.44758 88.06339632
369 73.858613 83.888217 88.10984953
370 73.33128907 83.256645 88.13087437
371 72.78160145 82.583365 88.18624868
372 72.15928852 81.864942 88.22855367
373 71.43884421 81.068321 88.22852515
374 70.67327805 80.159751 88.25934459
375 69.80629393 79.176686 88.26397734
376 68.81508568 78.107352 88.25950993
377 67.72667143 76.928859 88.26493151
378 66.50779098 75.471613 88.2455699
379 65.16765553 73.967814 88.22990304
380 63.75340857 72.353134 88.28390297
381 62.216697 70.586707 88.32572208
382 60.55287587 68.701763 88.37988367
383 58.77795014 66.605135 88.47470961
384 56.85304202 64.342593 88.56118412
385 54.74257556 61.957068 88.58308424
386 52.50650175 59.393972 88.596028
387 50.15083512 56.704706 88.59951839
388 47.66654793 53.92368 88.57280153
389 45.09384469 51.025393 88.55159869
390 42.46887932 48.020021 88.56598697
391 39.78926748 44.948014 88.59553299
392 37.06938417 41.854588 88.62355396
393 34.33831775 38.72052 88.65484637
394 31.61249504 35.607474 88.65642136
395 28.92814319 32.538245 88.65778257
396 26.31621419 29.56436 88.65483137
397 23.80338107 26.713509 88.65433338
398 21.40956339 23.992952 88.64871012
399 19.15489862 21.438328 88.65862662
400 17.04363367 19.048547 88.66384225
401 15.08440378 16.833653 88.66700615
402 13.27887242 14.803098 88.67146313
403 11.63148082 12.938535 88.67269832
404 10.14073234 11.253907 88.65732698
405 8.802387429 9.757346 88.64026615
406 7.61848408 8.434554 88.66435563
407 6.57429805 7.264976 88.67192438
408 5.658424033 6.252777 88.65737524
409 4.862059259 5.364816 88.65825077
410 4.174177227 4.596374 88.68277538
411 3.577834196 3.93972 88.68128936
412 3.067099902 3.378534 88.69596054
413 2.63122448 2.894184 88.72286955
414 2.258868849 2.484626 88.76842422
415 1.940246394 2.133153 88.77441399
416 1.668718347 1.833555 88.74441109
417 1.438539252 1.582476 88.71178638
418 1.244004491 1.367015 88.68512969
419 1.078196108 1.190759 88.6362725
420 0.937578967 1.038468 88.61360936
421 0.817720528 0.90267 88.61484962
422 0.714451063 0.791338 88.60349714
423 0.626212429 0.690678 88.6206391
424 0.552193547 0.608606 88.63824013
425 0.488519889 0.539954 88.61502101
426 0.43525864 0.484373 88.58061048
427 0.390557869 0.432749 88.56597882
428 0.352665805 0.390937 88.55026132
429 0.320112344 0.356582 88.53384365
430 0.294467638 0.326599 88.54987951
431 0.273514257 0.301079 88.56151161
432 0.255805125 0.287648 88.55724807
433 0.241273009 0.272309 88.54840054
434 0.230000532 0.2566 88.55051126
435 0.219714046 0.244713 88.55273667
436 0.211086242 0.237425 88.58695069
437 0.205625054 0.229574 88.62346429
438 0.20169669 0.223137 88.63096759
439 0.198380643 0.225276 88.62249145
440 0.196634433 0.222439 88.60384747
441 0.196545778 0.218815 88.54914022
442 0.196380789 0.219953 88.46908417
443 0.198181709 0.223326 88.4124218
444 0.200525994 0.225363 88.35610073
445 0.203766302 0.233349 88.29334879
446 0.207770278 0.232792 88.26670044
447 0.212597681 0.239102 88.26014972
448 0.217195107 0.246343 88.24970862
449 0.224012091 0.252802 88.2729615
450 0.231045778 0.259532 88.30661934
451 0.238146827 0.271049 88.31159814
452 0.245160801 0.278439 88.31587837
453 0.252874346 0.286485 88.30541562
454 0.260063662 0.292477 88.28318354
455 0.268307945 0.30341 88.26971429
456 0.276025037 0.312111 88.25902157
457 0.284233698 0.325328 88.26915851
458 0.291376619 0.330385 88.28582075
459 0.297804067 0.338787 88.28447474
460 0.302909704 0.343575 88.29827665
461 0.308729146 0.348543 88.34209883
462 0.313143877 0.353958 88.38968071
463 0.318890538 0.362459 88.44984211
464 0.321689101 0.362806 88.50780114
465 0.322611267 0.374842 88.53910477
466 0.322576907 0.363203 88.57673132
467 0.321756317 0.35854 88.61703243
468 0.31852841 0.361496 88.61017934
469 0.315547512 0.357359 88.60026423
470 0.312768446 0.356762 88.59881008
471 0.308583346 0.346567 88.56954747
472 0.303671828 0.342874 88.51359539
473 0.298725518 0.33845 88.48889174
474 0.294488219 0.33073 88.49152666
475 0.289970425 0.329294 88.48949935
476 0.285212916 0.322582 88.49476037
477 0.280879595 0.317395 88.5235674
478 0.276389259 0.31148 88.61304682
479 0.272438899 0.305741 88.69337953
480 0.267766708 0.302376 88.79695906
481 0.263282146 0.298913 88.92497901
482 0.257758909 0.289312 89.03893787
483 0.25113556 0.284098 89.08224171
484 0.243824054 0.272821 89.11542747
485 0.237281422 0.264472 89.16581308
486 0.229686143 0.257322 89.21760568
487 0.2221679 0.251859 89.29606559
488 0.214937459 0.24081 89.41705271
489 0.206860785 0.229659 89.56949936
490 0.197401428 0.222386 89.69778195
491 0.189163822 0.210195 89.80062368
492 0.180004511 0.197471 89.86066483
493 0.169924565 0.19364 89.83774759
494 0.159464517 0.177935 89.71937404
495 0.148961343 0.166413 89.5358027
496 0.13684423 0.152996 89.33414774
497 0.125904751 0.14051 89.14206013
498 0.115033569 0.127712 88.99110456
499 0.104688405 0.118339 88.90768333
500 0.095093686 0.106638 88.86803661
501 0.086689924 0.095493 88.83062713
502 0.078817304 0.086809 88.7728093
503 0.072417882 0.080635 88.71752194
504 0.066707339 0.074309 88.65597282
505 0.061515481 0.070839 88.60270652
506 0.05623827 0.063575 88.56394367
507 0.051484969 0.057754 88.55300041
508 0.046578472 0.051015 88.55150148
509 0.042142013 0.047521 88.56179432
510 0.038098265 0.04314 88.57690381
511 0.034526865 0.038498 88.58319913
512 0.030665161 0.034891 88.5821258
513 0.026779129 0.030839 88.58393008
514 0.023286387 0.025722 88.57018507
515 0.020912123 0.021195 88.54714598
516 0.018194261 0.018799 88.52398307
517 0.01574331 0.021524 88.48792257
518 0.014134312 0.015519 88.45517522
519 0.012637677 0.011909 88.42306398
520 0.010370368 0.012133 88.37200968
521 0.00944609 0.010364 88.31772088
522 0.008830147 0.008741 88.2727212
523 0.00806244 0.010327 88.20374404
524 0.007432184 0.008446 88.13254554
525 0.006720314 0.007821 88.08005765
526 0.006151142 0.006825 88.0338327
527 0.005919274 0.004722 87.97207903
528 0.005687445 0.007119 87.90607015
529 0.005605754 0.007156 87.84776248
530 0.00546673 0.006529 87.7765324
531 0.004982897 0.006382 87.69208659
532 0.004635419 0.003948 87.61543603
533 0.004451379 0.00439 87.56109569
534 0.00421536 0.005201 87.50054593
535 0.004103646 0.005497 87.45106345
536 0.003914866 0.005054 87.40787688
537 0.003732886 0.00332 87.3731047
538 0.003434435 0.00332 87.32958956
539 0.003413687 0.004169 87.30240876
540 0.003682891 0.0038 87.27105151
541 0.003957871 0.004943 87.23327342
542 0.003962603 0.004869 87.19634236
543 0.004006109 0.004905 87.1592558
544 0.004317083 0.004205 87.09626336
545 0.00481986 0.004058 87.02640283
546 0.004867505 0.006749 86.95728595
547 0.004710806 0.007782 86.89187883
548 0.00443912 0.005199 86.82515088
549 0.003648651 0.003318 86.76077972
550 0.002921875 0.002507 86.6957744
551 0.003241782 0.002212 86.60966923
552 0.003619881 0.003613 86.50756283
553 0.003705525 0.007077 86.38616332
554 0.004109064 0.005529 86.27607612
555 0.004041613 0.003022 86.17129164
556 0.003566119 0.00457 86.07656779
557 0.003630469 0.003243 85.98917905
558 0.003659929 0.004348 85.92509754
559 0.003517141 0.005932 85.85474687
560 0.004408554 0.003205 85.77060797
561 0.004662674 0.003756 85.69525472
562 0.003908556 0.008465 85.61835436
563 0.00300661 0.005853 85.53602959
564 0.002042273 0.001546 85.44551398
565 0.000755829 -0.002062 85.35352455
566 4.32E-05 -0.001878 85.27703237
567 9.22E-05 0.000957 85.20068367
568 0.00057581 0.001694 85.13763734
569 0.001008802 0.001841 85.07707767
570 0.00094588 0.000773 85.03464157
571 0.000945101 0.000663 84.99873676
572 0.001087991 0.000589 84.95990731
573 0.001087602 0.001693 84.90948234
574 0.001068513 0.002687 84.8689751
575 0.000868604 0.000773 84.83307078
576 0.00043765 0.000552 84.78210219
577 0.000342758 -0.000589 84.73421407
578 0.000678576 -0.000846 84.69087103
579 0.000839932 0.002134 84.63104874
580 0.000834229 0.00276 84.56698566
581 0.001201167 0.001509 84.50532556
582 0.001169146 -0.000625 84.46044736
583 0.001483344 0.001325 84.39556586
584 0.001828747 0.00195 84.32639294
585 0.002262023 0.004635 84.24462471
586 0.002025968 0.003568 84.15789214
587 0.00122157 0.00195 84.04991615
588 0.000514345 -7.40E-05 83.95398583
589 9.86E-05 -0.002833 83.86763158
590 0.000490865 0.000441 83.79660411
591 0.000847488 0.001103 83.72234062
592 0.001359592 0.004302 83.64610757
593 0.001408262 0.002059 83.56525735
594 0.001340064 0.000221 83.4836257
595 0.001189563 0.000735 83.39898263
596 0.001071876 0.000699 83.3374313
597 0.000979916 0.00342 83.27357829
598 0.000564321 0.00136 83.19979003
599 -0.000202624 -0.000331 83.15174412
600 -0.001465137 -0.001765 83.01060959